86 61
57 68
60 93
63 39
3 79
10 95
2 26
60 13
19 13
74 64
42 69
92 18
61 35
42 78
1 82
72 78
74 16
53 0
69 18
53 68
4 9
39 65
48 65
51 45
47 3
61 97
42 29
84 6
65 39
2 95
20 56
48 68
5 80
61 35
15 85
1 72
37 65
24 53
26 65
5 38
59 16
35 31
32 34
46 60
40 93
41 61
34 32
67 43
31 41
72 68
30 12
20 28
66 14
44 61
38 38
58 87
54 36
58 77
72 16
82 39
26 77
71 27
38 79
83 40
67 32
28 58
95 53
14 74
3 44
53 72
57 14
98 13
12 88
18 31
24 87
76 5
35 66
91 81
79 55
81 78
25 92
32 42
39 30
92 72
81 5
31 91
26 37
36 7
84 73
9 60
16 83
21 89
35 22
68 15
12 70
66 18
3 85
6 44
29 17
38 61
