"V1" "V2" "V3"
"1" 24 0 40
"2" 24 0 48
"3" 24 8 40
"4" 24 16 40
"5" 32 0 48
"6" 32 8 40
"7" 32 8 48
"8" 32 8 56
"9" 32 8 64
"10" 32 16 40
"11" 32 16 48
"12" 32 16 56
"13" 32 24 40
"14" 32 24 48
"15" 32 24 56
"16" 32 32 40
"17" 40 8 48
"18" 40 8 56
"19" 40 16 40
"20" 40 16 48
"21" 40 16 56
"22" 40 24 48
"23" 40 24 56
"24" 40 24 64
"25" 40 32 48
"26" 40 32 56
"27" 40 32 64
"28" 40 40 48
"29" 40 40 56
"30" 40 40 64
"31" 48 0 56
"32" 48 8 48
"33" 48 8 56
"34" 48 16 40
"35" 48 16 48
"36" 48 16 56
"37" 48 16 64
"38" 48 24 48
"39" 48 24 56
"40" 48 24 64
"41" 48 24 72
"42" 48 32 56
"43" 48 32 64
"44" 48 32 72
"45" 48 40 48
"46" 48 40 56
"47" 48 40 64
"48" 48 40 72
"49" 48 48 64
"50" 48 56 56
"51" 48 64 48
"52" 48 64 64
"53" 56 16 48
"54" 56 16 56
"55" 56 16 64
"56" 56 16 72
"57" 56 24 48
"58" 56 24 56
"59" 56 24 64
"60" 56 24 72
"61" 56 24 80
"62" 56 32 48
"63" 56 32 56
"64" 56 32 64
"65" 56 32 72
"66" 56 32 80
"67" 56 40 48
"68" 56 40 56
"69" 56 40 64
"70" 56 40 80
"71" 56 48 48
"72" 56 48 56
"73" 56 48 64
"74" 56 48 72
"75" 56 56 48
"76" 56 56 56
"77" 56 56 64
"78" 56 56 80
"79" 56 64 48
"80" 56 64 56
"81" 56 64 64
"82" 56 72 56
"83" 64 16 40
"84" 64 16 56
"85" 64 16 64
"86" 64 24 48
"87" 64 24 56
"88" 64 24 64
"89" 64 24 72
"90" 64 24 80
"91" 64 32 48
"92" 64 32 56
"93" 64 32 64
"94" 64 32 72
"95" 64 32 80
"96" 64 32 88
"97" 64 40 48
"98" 64 40 56
"99" 64 40 64
"100" 64 40 72
"101" 64 40 80
"102" 64 48 56
"103" 64 48 64
"104" 64 48 72
"105" 64 48 88
"106" 64 56 48
"107" 64 56 56
"108" 64 56 64
"109" 64 56 72
"110" 64 56 80
"111" 64 56 88
"112" 64 56 96
"113" 64 64 56
"114" 64 64 64
"115" 64 64 80
"116" 64 72 56
"117" 64 72 64
"118" 64 80 56
"119" 64 80 72
"120" 64 80 88
"121" 64 88 64
"122" 72 24 48
"123" 72 24 56
"124" 72 24 64
"125" 72 24 72
"126" 72 24 80
"127" 72 32 48
"128" 72 32 56
"129" 72 32 64
"130" 72 32 72
"131" 72 32 80
"132" 72 40 48
"133" 72 40 56
"134" 72 40 64
"135" 72 40 72
"136" 72 40 80
"137" 72 48 56
"138" 72 48 64
"139" 72 48 72
"140" 72 48 80
"141" 72 48 88
"142" 72 48 96
"143" 72 56 56
"144" 72 56 64
"145" 72 56 72
"146" 72 56 80
"147" 72 56 96
"148" 72 64 56
"149" 72 64 64
"150" 72 64 72
"151" 72 64 80
"152" 72 72 48
"153" 72 72 56
"154" 72 72 64
"155" 72 72 72
"156" 72 72 96
"157" 72 80 56
"158" 72 80 64
"159" 72 80 72
"160" 72 88 64
"161" 72 88 72
"162" 72 96 56
"163" 72 96 72
"164" 72 96 96
"165" 72 104 72
"166" 80 24 56
"167" 80 24 64
"168" 80 24 72
"169" 80 32 48
"170" 80 32 56
"171" 80 32 64
"172" 80 32 72
"173" 80 32 80
"174" 80 40 48
"175" 80 40 56
"176" 80 40 64
"177" 80 40 72
"178" 80 40 80
"179" 80 48 56
"180" 80 48 64
"181" 80 48 72
"182" 80 48 80
"183" 80 48 88
"184" 80 56 48
"185" 80 56 56
"186" 80 56 64
"187" 80 56 72
"188" 80 56 80
"189" 80 56 88
"190" 80 56 96
"191" 80 64 48
"192" 80 64 56
"193" 80 64 64
"194" 80 64 72
"195" 80 64 80
"196" 80 64 88
"197" 80 64 96
"198" 80 64 104
"199" 80 72 48
"200" 80 72 56
"201" 80 72 64
"202" 80 72 72
"203" 80 72 80
"204" 80 72 88
"205" 80 72 96
"206" 80 72 104
"207" 80 72 112
"208" 80 80 56
"209" 80 80 64
"210" 80 80 72
"211" 80 80 80
"212" 80 80 88
"213" 80 80 96
"214" 80 88 56
"215" 80 88 64
"216" 80 88 80
"217" 80 88 88
"218" 80 88 96
"219" 80 88 104
"220" 80 88 112
"221" 80 88 120
"222" 80 96 64
"223" 80 96 72
"224" 80 96 80
"225" 80 96 88
"226" 80 96 120
"227" 80 104 64
"228" 80 104 72
"229" 80 104 120
"230" 80 104 144
"231" 80 104 152
"232" 80 112 80
"233" 80 112 136
"234" 80 112 144
"235" 80 120 152
"236" 80 176 120
"237" 88 32 56
"238" 88 32 64
"239" 88 32 72
"240" 88 40 56
"241" 88 40 64
"242" 88 40 72
"243" 88 40 80
"244" 88 48 56
"245" 88 48 64
"246" 88 48 72
"247" 88 48 80
"248" 88 48 88
"249" 88 48 96
"250" 88 56 56
"251" 88 56 64
"252" 88 56 72
"253" 88 56 80
"254" 88 56 88
"255" 88 56 96
"256" 88 64 48
"257" 88 64 56
"258" 88 64 64
"259" 88 64 72
"260" 88 64 80
"261" 88 64 88
"262" 88 64 96
"263" 88 64 104
"264" 88 64 112
"265" 88 64 120
"266" 88 72 56
"267" 88 72 64
"268" 88 72 72
"269" 88 72 80
"270" 88 72 88
"271" 88 72 96
"272" 88 72 104
"273" 88 72 112
"274" 88 72 120
"275" 88 80 56
"276" 88 80 64
"277" 88 80 72
"278" 88 80 80
"279" 88 80 88
"280" 88 80 96
"281" 88 80 104
"282" 88 80 112
"283" 88 80 120
"284" 88 88 56
"285" 88 88 64
"286" 88 88 72
"287" 88 88 80
"288" 88 88 88
"289" 88 88 96
"290" 88 88 104
"291" 88 88 112
"292" 88 88 120
"293" 88 96 56
"294" 88 96 64
"295" 88 96 72
"296" 88 96 80
"297" 88 96 88
"298" 88 96 104
"299" 88 96 120
"300" 88 96 136
"301" 88 104 64
"302" 88 104 72
"303" 88 104 80
"304" 88 104 88
"305" 88 104 96
"306" 88 104 112
"307" 88 104 120
"308" 88 104 128
"309" 88 104 136
"310" 88 104 144
"311" 88 112 72
"312" 88 112 80
"313" 88 112 120
"314" 88 112 128
"315" 88 112 136
"316" 88 112 144
"317" 88 112 152
"318" 88 112 160
"319" 88 120 136
"320" 88 120 144
"321" 88 120 152
"322" 88 120 160
"323" 88 120 168
"324" 88 128 152
"325" 88 128 160
"326" 88 128 168
"327" 88 136 168
"328" 88 176 136
"329" 96 40 56
"330" 96 40 64
"331" 96 40 72
"332" 96 40 80
"333" 96 48 56
"334" 96 48 64
"335" 96 48 72
"336" 96 48 80
"337" 96 48 88
"338" 96 56 56
"339" 96 56 64
"340" 96 56 72
"341" 96 56 80
"342" 96 56 88
"343" 96 56 96
"344" 96 64 56
"345" 96 64 64
"346" 96 64 72
"347" 96 64 80
"348" 96 64 88
"349" 96 64 96
"350" 96 72 56
"351" 96 72 64
"352" 96 72 72
"353" 96 72 80
"354" 96 72 88
"355" 96 72 96
"356" 96 72 104
"357" 96 72 112
"358" 96 72 120
"359" 96 80 64
"360" 96 80 72
"361" 96 80 80
"362" 96 80 88
"363" 96 80 96
"364" 96 80 104
"365" 96 80 112
"366" 96 80 120
"367" 96 80 128
"368" 96 88 56
"369" 96 88 64
"370" 96 88 72
"371" 96 88 80
"372" 96 88 88
"373" 96 88 96
"374" 96 88 104
"375" 96 88 112
"376" 96 88 120
"377" 96 96 64
"378" 96 96 72
"379" 96 96 80
"380" 96 96 88
"381" 96 96 96
"382" 96 96 104
"383" 96 96 112
"384" 96 96 120
"385" 96 104 64
"386" 96 104 80
"387" 96 104 88
"388" 96 104 96
"389" 96 104 104
"390" 96 104 112
"391" 96 104 120
"392" 96 104 128
"393" 96 104 136
"394" 96 112 56
"395" 96 112 72
"396" 96 112 96
"397" 96 112 104
"398" 96 112 112
"399" 96 112 120
"400" 96 112 128
"401" 96 112 136
"402" 96 112 144
"403" 96 112 152
"404" 96 120 72
"405" 96 120 80
"406" 96 120 88
"407" 96 120 96
"408" 96 120 128
"409" 96 120 136
"410" 96 120 144
"411" 96 120 152
"412" 96 120 160
"413" 96 120 168
"414" 96 128 72
"415" 96 128 88
"416" 96 128 104
"417" 96 128 144
"418" 96 128 152
"419" 96 128 160
"420" 96 128 168
"421" 96 136 88
"422" 96 136 96
"423" 96 136 104
"424" 96 136 160
"425" 96 136 168
"426" 96 136 176
"427" 96 144 88
"428" 96 144 160
"429" 96 144 168
"430" 96 144 176
"431" 96 184 136
"432" 104 40 64
"433" 104 48 56
"434" 104 48 64
"435" 104 48 72
"436" 104 48 80
"437" 104 48 88
"438" 104 56 56
"439" 104 56 64
"440" 104 56 72
"441" 104 56 80
"442" 104 56 88
"443" 104 56 96
"444" 104 64 56
"445" 104 64 64
"446" 104 64 72
"447" 104 64 80
"448" 104 64 88
"449" 104 64 96
"450" 104 72 56
"451" 104 72 64
"452" 104 72 72
"453" 104 72 80
"454" 104 72 88
"455" 104 72 96
"456" 104 72 104
"457" 104 72 112
"458" 104 80 64
"459" 104 80 72
"460" 104 80 80
"461" 104 80 88
"462" 104 80 96
"463" 104 80 104
"464" 104 80 112
"465" 104 80 128
"466" 104 80 136
"467" 104 88 64
"468" 104 88 72
"469" 104 88 80
"470" 104 88 88
"471" 104 88 96
"472" 104 88 104
"473" 104 88 112
"474" 104 88 120
"475" 104 88 128
"476" 104 88 136
"477" 104 96 64
"478" 104 96 72
"479" 104 96 80
"480" 104 96 88
"481" 104 96 96
"482" 104 96 104
"483" 104 96 112
"484" 104 96 120
"485" 104 96 128
"486" 104 96 136
"487" 104 104 72
"488" 104 104 80
"489" 104 104 88
"490" 104 104 96
"491" 104 104 104
"492" 104 104 112
"493" 104 104 120
"494" 104 112 80
"495" 104 112 88
"496" 104 112 96
"497" 104 112 104
"498" 104 112 112
"499" 104 112 120
"500" 104 112 128
"501" 104 112 136
"502" 104 112 144
"503" 104 120 72
"504" 104 120 80
"505" 104 120 88
"506" 104 120 96
"507" 104 120 104
"508" 104 120 112
"509" 104 120 120
"510" 104 120 128
"511" 104 120 136
"512" 104 120 144
"513" 104 120 152
"514" 104 120 160
"515" 104 128 72
"516" 104 128 80
"517" 104 128 88
"518" 104 128 96
"519" 104 128 104
"520" 104 128 120
"521" 104 128 144
"522" 104 128 152
"523" 104 128 160
"524" 104 128 168
"525" 104 136 80
"526" 104 136 88
"527" 104 136 152
"528" 104 136 160
"529" 104 136 168
"530" 104 136 176
"531" 104 144 88
"532" 104 144 96
"533" 104 144 104
"534" 104 144 112
"535" 104 144 144
"536" 104 144 160
"537" 104 144 168
"538" 104 144 176
"539" 104 152 104
"540" 104 152 112
"541" 104 152 168
"542" 104 152 176
"543" 112 48 64
"544" 112 48 72
"545" 112 56 64
"546" 112 56 72
"547" 112 56 80
"548" 112 56 88
"549" 112 64 64
"550" 112 64 72
"551" 112 64 80
"552" 112 64 88
"553" 112 64 96
"554" 112 64 104
"555" 112 72 64
"556" 112 72 72
"557" 112 72 80
"558" 112 72 88
"559" 112 72 96
"560" 112 72 104
"561" 112 80 64
"562" 112 80 72
"563" 112 80 80
"564" 112 80 88
"565" 112 80 96
"566" 112 80 104
"567" 112 80 112
"568" 112 80 120
"569" 112 88 64
"570" 112 88 72
"571" 112 88 80
"572" 112 88 88
"573" 112 88 96
"574" 112 88 104
"575" 112 88 112
"576" 112 88 120
"577" 112 88 128
"578" 112 88 136
"579" 112 96 72
"580" 112 96 80
"581" 112 96 88
"582" 112 96 96
"583" 112 96 104
"584" 112 96 112
"585" 112 96 120
"586" 112 96 128
"587" 112 96 136
"588" 112 104 72
"589" 112 104 80
"590" 112 104 88
"591" 112 104 96
"592" 112 104 104
"593" 112 104 112
"594" 112 104 120
"595" 112 104 128
"596" 112 104 136
"597" 112 104 144
"598" 112 112 80
"599" 112 112 88
"600" 112 112 96
"601" 112 112 104
"602" 112 112 112
"603" 112 112 120
"604" 112 112 128
"605" 112 112 136
"606" 112 112 144
"607" 112 120 88
"608" 112 120 96
"609" 112 120 104
"610" 112 120 112
"611" 112 120 120
"612" 112 120 128
"613" 112 120 136
"614" 112 120 144
"615" 112 128 72
"616" 112 128 80
"617" 112 128 88
"618" 112 128 96
"619" 112 128 104
"620" 112 128 112
"621" 112 128 120
"622" 112 128 128
"623" 112 128 136
"624" 112 128 144
"625" 112 128 152
"626" 112 128 160
"627" 112 128 168
"628" 112 136 96
"629" 112 136 104
"630" 112 136 112
"631" 112 136 136
"632" 112 136 144
"633" 112 136 152
"634" 112 136 160
"635" 112 136 168
"636" 112 144 88
"637" 112 144 104
"638" 112 144 112
"639" 112 144 160
"640" 112 144 168
"641" 112 152 96
"642" 112 152 104
"643" 112 152 112
"644" 112 152 128
"645" 112 152 160
"646" 112 152 176
"647" 112 152 184
"648" 112 160 96
"649" 112 160 176
"650" 112 160 184
"651" 112 160 192
"652" 112 168 104
"653" 112 168 120
"654" 112 168 192
"655" 112 176 128
"656" 120 56 64
"657" 120 56 72
"658" 120 56 80
"659" 120 56 88
"660" 120 64 64
"661" 120 64 72
"662" 120 64 80
"663" 120 64 88
"664" 120 64 96
"665" 120 64 104
"666" 120 72 64
"667" 120 72 72
"668" 120 72 80
"669" 120 72 88
"670" 120 72 96
"671" 120 72 104
"672" 120 80 56
"673" 120 80 64
"674" 120 80 72
"675" 120 80 80
"676" 120 80 88
"677" 120 80 96
"678" 120 80 104
"679" 120 80 112
"680" 120 88 64
"681" 120 88 72
"682" 120 88 80
"683" 120 88 88
"684" 120 88 96
"685" 120 88 104
"686" 120 88 112
"687" 120 88 120
"688" 120 96 72
"689" 120 96 80
"690" 120 96 88
"691" 120 96 96
"692" 120 96 104
"693" 120 96 112
"694" 120 96 120
"695" 120 96 128
"696" 120 96 136
"697" 120 104 72
"698" 120 104 80
"699" 120 104 88
"700" 120 104 96
"701" 120 104 104
"702" 120 104 112
"703" 120 104 120
"704" 120 104 128
"705" 120 104 136
"706" 120 112 80
"707" 120 112 88
"708" 120 112 96
"709" 120 112 104
"710" 120 112 112
"711" 120 112 120
"712" 120 112 128
"713" 120 112 136
"714" 120 120 96
"715" 120 120 104
"716" 120 120 112
"717" 120 120 120
"718" 120 120 128
"719" 120 120 136
"720" 120 120 144
"721" 120 120 152
"722" 120 128 104
"723" 120 128 112
"724" 120 128 120
"725" 120 128 128
"726" 120 128 136
"727" 120 128 144
"728" 120 128 152
"729" 120 136 88
"730" 120 136 96
"731" 120 136 104
"732" 120 136 112
"733" 120 136 120
"734" 120 136 128
"735" 120 136 136
"736" 120 136 144
"737" 120 136 152
"738" 120 136 160
"739" 120 136 168
"740" 120 136 176
"741" 120 144 88
"742" 120 144 96
"743" 120 144 104
"744" 120 144 112
"745" 120 144 120
"746" 120 144 128
"747" 120 144 136
"748" 120 144 144
"749" 120 144 152
"750" 120 144 160
"751" 120 144 168
"752" 120 144 176
"753" 120 152 96
"754" 120 152 104
"755" 120 152 112
"756" 120 152 128
"757" 120 152 144
"758" 120 152 152
"759" 120 152 160
"760" 120 152 168
"761" 120 152 176
"762" 120 152 184
"763" 120 152 192
"764" 120 160 104
"765" 120 160 112
"766" 120 160 120
"767" 120 160 160
"768" 120 160 168
"769" 120 160 176
"770" 120 160 184
"771" 120 160 192
"772" 120 168 120
"773" 120 168 128
"774" 120 168 152
"775" 120 168 176
"776" 120 168 184
"777" 120 168 192
"778" 120 176 144
"779" 120 184 144
"780" 120 184 160
"781" 120 192 168
"782" 128 64 64
"783" 128 64 72
"784" 128 64 80
"785" 128 64 104
"786" 128 72 72
"787" 128 72 80
"788" 128 72 88
"789" 128 72 96
"790" 128 72 112
"791" 128 80 64
"792" 128 80 72
"793" 128 80 80
"794" 128 80 88
"795" 128 80 96
"796" 128 80 104
"797" 128 88 64
"798" 128 88 72
"799" 128 88 80
"800" 128 88 88
"801" 128 88 96
"802" 128 88 104
"803" 128 88 112
"804" 128 96 64
"805" 128 96 72
"806" 128 96 80
"807" 128 96 88
"808" 128 96 96
"809" 128 96 104
"810" 128 96 112
"811" 128 96 120
"812" 128 96 128
"813" 128 104 80
"814" 128 104 88
"815" 128 104 96
"816" 128 104 104
"817" 128 104 112
"818" 128 104 120
"819" 128 104 128
"820" 128 104 136
"821" 128 104 144
"822" 128 112 80
"823" 128 112 88
"824" 128 112 96
"825" 128 112 104
"826" 128 112 112
"827" 128 112 120
"828" 128 112 128
"829" 128 112 136
"830" 128 112 144
"831" 128 120 80
"832" 128 120 88
"833" 128 120 96
"834" 128 120 104
"835" 128 120 112
"836" 128 120 120
"837" 128 120 128
"838" 128 120 136
"839" 128 120 144
"840" 128 120 152
"841" 128 128 88
"842" 128 128 96
"843" 128 128 104
"844" 128 128 112
"845" 128 128 120
"846" 128 128 128
"847" 128 128 136
"848" 128 128 144
"849" 128 128 152
"850" 128 128 168
"851" 128 136 112
"852" 128 136 120
"853" 128 136 128
"854" 128 136 136
"855" 128 136 144
"856" 128 136 152
"857" 128 136 160
"858" 128 144 88
"859" 128 144 120
"860" 128 144 128
"861" 128 144 136
"862" 128 144 144
"863" 128 144 152
"864" 128 144 160
"865" 128 144 168
"866" 128 144 176
"867" 128 152 104
"868" 128 152 112
"869" 128 152 120
"870" 128 152 128
"871" 128 152 136
"872" 128 152 144
"873" 128 152 152
"874" 128 152 160
"875" 128 152 168
"876" 128 152 176
"877" 128 152 184
"878" 128 152 192
"879" 128 160 120
"880" 128 160 144
"881" 128 160 160
"882" 128 160 168
"883" 128 160 176
"884" 128 160 184
"885" 128 160 192
"886" 128 160 200
"887" 128 168 120
"888" 128 168 160
"889" 128 168 168
"890" 128 168 176
"891" 128 168 184
"892" 128 168 192
"893" 128 168 208
"894" 128 176 136
"895" 128 176 144
"896" 128 176 176
"897" 128 176 184
"898" 128 176 192
"899" 128 184 152
"900" 128 184 160
"901" 128 192 176
"902" 136 56 80
"903" 136 64 72
"904" 136 64 80
"905" 136 64 88
"906" 136 72 72
"907" 136 72 80
"908" 136 72 88
"909" 136 72 96
"910" 136 80 72
"911" 136 80 80
"912" 136 80 88
"913" 136 80 96
"914" 136 88 72
"915" 136 88 80
"916" 136 88 88
"917" 136 88 96
"918" 136 88 104
"919" 136 88 112
"920" 136 96 72
"921" 136 96 80
"922" 136 96 88
"923" 136 96 96
"924" 136 96 104
"925" 136 96 112
"926" 136 96 120
"927" 136 104 80
"928" 136 104 88
"929" 136 104 96
"930" 136 104 104
"931" 136 104 112
"932" 136 104 120
"933" 136 112 88
"934" 136 112 96
"935" 136 112 104
"936" 136 112 112
"937" 136 112 120
"938" 136 112 128
"939" 136 112 144
"940" 136 112 152
"941" 136 120 80
"942" 136 120 88
"943" 136 120 96
"944" 136 120 104
"945" 136 120 112
"946" 136 120 120
"947" 136 120 128
"948" 136 120 136
"949" 136 120 144
"950" 136 120 152
"951" 136 128 88
"952" 136 128 96
"953" 136 128 104
"954" 136 128 112
"955" 136 128 120
"956" 136 128 128
"957" 136 128 136
"958" 136 128 144
"959" 136 128 152
"960" 136 128 160
"961" 136 128 168
"962" 136 136 88
"963" 136 136 104
"964" 136 136 112
"965" 136 136 120
"966" 136 136 128
"967" 136 136 136
"968" 136 136 144
"969" 136 136 152
"970" 136 136 160
"971" 136 136 168
"972" 136 144 96
"973" 136 144 120
"974" 136 144 128
"975" 136 144 136
"976" 136 144 144
"977" 136 144 152
"978" 136 144 160
"979" 136 144 168
"980" 136 152 112
"981" 136 152 128
"982" 136 152 136
"983" 136 152 144
"984" 136 152 152
"985" 136 152 160
"986" 136 152 168
"987" 136 152 176
"988" 136 160 136
"989" 136 160 144
"990" 136 160 152
"991" 136 160 160
"992" 136 160 168
"993" 136 160 176
"994" 136 160 192
"995" 136 160 200
"996" 136 168 152
"997" 136 168 168
"998" 136 168 176
"999" 136 168 184
"1000" 136 168 192
"1001" 136 168 200
"1002" 136 168 208
"1003" 136 176 136
"1004" 136 176 160
"1005" 136 176 176
"1006" 136 176 184
"1007" 136 176 208
"1008" 136 184 160
"1009" 136 184 168
"1010" 136 184 176
"1011" 136 192 184
"1012" 136 192 192
"1013" 144 0 216
"1014" 144 64 80
"1015" 144 64 88
"1016" 144 72 72
"1017" 144 72 80
"1018" 144 72 88
"1019" 144 72 96
"1020" 144 72 104
"1021" 144 80 72
"1022" 144 80 80
"1023" 144 80 88
"1024" 144 80 96
"1025" 144 88 72
"1026" 144 88 80
"1027" 144 88 88
"1028" 144 88 96
"1029" 144 88 104
"1030" 144 88 112
"1031" 144 96 64
"1032" 144 96 72
"1033" 144 96 80
"1034" 144 96 88
"1035" 144 96 96
"1036" 144 96 104
"1037" 144 96 112
"1038" 144 104 80
"1039" 144 104 88
"1040" 144 104 96
"1041" 144 104 104
"1042" 144 104 112
"1043" 144 104 152
"1044" 144 104 160
"1045" 144 112 88
"1046" 144 112 96
"1047" 144 112 104
"1048" 144 112 112
"1049" 144 112 120
"1050" 144 112 128
"1051" 144 112 160
"1052" 144 120 104
"1053" 144 120 112
"1054" 144 120 120
"1055" 144 120 128
"1056" 144 120 136
"1057" 144 120 144
"1058" 144 128 88
"1059" 144 128 96
"1060" 144 128 104
"1061" 144 128 112
"1062" 144 128 120
"1063" 144 128 128
"1064" 144 128 136
"1065" 144 128 144
"1066" 144 128 152
"1067" 144 128 160
"1068" 144 136 96
"1069" 144 136 104
"1070" 144 136 120
"1071" 144 136 128
"1072" 144 136 136
"1073" 144 136 144
"1074" 144 136 152
"1075" 144 136 160
"1076" 144 136 168
"1077" 144 136 176
"1078" 144 144 104
"1079" 144 144 112
"1080" 144 144 120
"1081" 144 144 128
"1082" 144 144 136
"1083" 144 144 144
"1084" 144 144 152
"1085" 144 144 160
"1086" 144 144 168
"1087" 144 144 176
"1088" 144 144 184
"1089" 144 144 192
"1090" 144 152 104
"1091" 144 152 112
"1092" 144 152 128
"1093" 144 152 136
"1094" 144 152 144
"1095" 144 152 152
"1096" 144 152 160
"1097" 144 152 168
"1098" 144 152 176
"1099" 144 152 184
"1100" 144 152 192
"1101" 144 160 136
"1102" 144 160 144
"1103" 144 160 152
"1104" 144 160 160
"1105" 144 160 168
"1106" 144 160 176
"1107" 144 160 184
"1108" 144 160 192
"1109" 144 160 200
"1110" 144 168 136
"1111" 144 168 152
"1112" 144 168 160
"1113" 144 168 168
"1114" 144 168 176
"1115" 144 168 184
"1116" 144 168 192
"1117" 144 168 200
"1118" 144 168 208
"1119" 144 176 152
"1120" 144 176 168
"1121" 144 176 176
"1122" 144 176 184
"1123" 144 176 192
"1124" 144 176 208
"1125" 144 176 216
"1126" 144 184 176
"1127" 144 184 184
"1128" 144 184 192
"1129" 144 184 216
"1130" 144 192 176
"1131" 144 192 184
"1132" 144 192 192
"1133" 144 192 208
"1134" 144 192 216
"1135" 144 192 224
"1136" 144 200 216
"1137" 144 200 224
"1138" 152 0 216
"1139" 152 0 224
"1140" 152 64 80
"1141" 152 72 88
"1142" 152 72 96
"1143" 152 72 104
"1144" 152 72 112
"1145" 152 80 72
"1146" 152 80 80
"1147" 152 80 88
"1148" 152 80 96
"1149" 152 88 64
"1150" 152 88 72
"1151" 152 88 80
"1152" 152 88 88
"1153" 152 88 96
"1154" 152 88 104
"1155" 152 88 112
"1156" 152 88 120
"1157" 152 96 72
"1158" 152 96 80
"1159" 152 96 88
"1160" 152 96 96
"1161" 152 96 104
"1162" 152 96 112
"1163" 152 96 120
"1164" 152 104 72
"1165" 152 104 80
"1166" 152 104 88
"1167" 152 104 96
"1168" 152 104 104
"1169" 152 104 112
"1170" 152 104 120
"1171" 152 104 152
"1172" 152 112 80
"1173" 152 112 88
"1174" 152 112 96
"1175" 152 112 104
"1176" 152 112 112
"1177" 152 112 120
"1178" 152 112 128
"1179" 152 120 96
"1180" 152 120 104
"1181" 152 120 112
"1182" 152 120 120
"1183" 152 120 128
"1184" 152 120 136
"1185" 152 120 144
"1186" 152 120 184
"1187" 152 128 88
"1188" 152 128 96
"1189" 152 128 104
"1190" 152 128 112
"1191" 152 128 120
"1192" 152 128 128
"1193" 152 128 136
"1194" 152 128 144
"1195" 152 128 184
"1196" 152 128 216
"1197" 152 136 88
"1198" 152 136 104
"1199" 152 136 112
"1200" 152 136 120
"1201" 152 136 128
"1202" 152 136 136
"1203" 152 136 144
"1204" 152 136 152
"1205" 152 136 176
"1206" 152 144 96
"1207" 152 144 104
"1208" 152 144 112
"1209" 152 144 120
"1210" 152 144 128
"1211" 152 144 136
"1212" 152 144 144
"1213" 152 144 152
"1214" 152 144 160
"1215" 152 144 176
"1216" 152 152 96
"1217" 152 152 104
"1218" 152 152 112
"1219" 152 152 120
"1220" 152 152 128
"1221" 152 152 136
"1222" 152 152 144
"1223" 152 152 152
"1224" 152 152 160
"1225" 152 152 168
"1226" 152 152 176
"1227" 152 152 184
"1228" 152 152 192
"1229" 152 160 112
"1230" 152 160 120
"1231" 152 160 144
"1232" 152 160 152
"1233" 152 160 160
"1234" 152 160 168
"1235" 152 160 176
"1236" 152 160 184
"1237" 152 160 192
"1238" 152 160 200
"1239" 152 168 112
"1240" 152 168 120
"1241" 152 168 144
"1242" 152 168 152
"1243" 152 168 160
"1244" 152 168 168
"1245" 152 168 176
"1246" 152 168 184
"1247" 152 168 192
"1248" 152 168 200
"1249" 152 168 208
"1250" 152 176 136
"1251" 152 176 152
"1252" 152 176 160
"1253" 152 176 168
"1254" 152 176 176
"1255" 152 176 184
"1256" 152 176 192
"1257" 152 176 200
"1258" 152 176 208
"1259" 152 184 160
"1260" 152 184 176
"1261" 152 184 184
"1262" 152 184 192
"1263" 152 184 200
"1264" 152 184 208
"1265" 152 184 216
"1266" 152 192 192
"1267" 152 192 200
"1268" 152 192 208
"1269" 152 192 216
"1270" 152 192 224
"1271" 152 192 248
"1272" 152 200 200
"1273" 152 200 208
"1274" 152 200 216
"1275" 152 200 224
"1276" 160 0 216
"1277" 160 0 224
"1278" 160 72 88
"1279" 160 80 72
"1280" 160 80 80
"1281" 160 80 88
"1282" 160 80 96
"1283" 160 80 104
"1284" 160 88 72
"1285" 160 88 80
"1286" 160 88 88
"1287" 160 88 96
"1288" 160 88 104
"1289" 160 88 112
"1290" 160 96 72
"1291" 160 96 80
"1292" 160 96 88
"1293" 160 96 96
"1294" 160 96 104
"1295" 160 96 112
"1296" 160 96 120
"1297" 160 104 72
"1298" 160 104 80
"1299" 160 104 88
"1300" 160 104 96
"1301" 160 104 104
"1302" 160 104 112
"1303" 160 104 120
"1304" 160 104 128
"1305" 160 112 80
"1306" 160 112 88
"1307" 160 112 96
"1308" 160 112 104
"1309" 160 112 112
"1310" 160 112 120
"1311" 160 112 144
"1312" 160 120 96
"1313" 160 120 104
"1314" 160 120 112
"1315" 160 120 120
"1316" 160 120 136
"1317" 160 128 104
"1318" 160 128 112
"1319" 160 128 120
"1320" 160 128 128
"1321" 160 128 136
"1322" 160 128 144
"1323" 160 136 104
"1324" 160 136 112
"1325" 160 136 120
"1326" 160 136 128
"1327" 160 136 136
"1328" 160 136 144
"1329" 160 136 152
"1330" 160 136 176
"1331" 160 144 96
"1332" 160 144 104
"1333" 160 144 120
"1334" 160 144 128
"1335" 160 144 136
"1336" 160 144 144
"1337" 160 144 160
"1338" 160 152 104
"1339" 160 152 112
"1340" 160 152 120
"1341" 160 152 128
"1342" 160 152 136
"1343" 160 152 144
"1344" 160 152 152
"1345" 160 152 160
"1346" 160 152 168
"1347" 160 160 112
"1348" 160 160 120
"1349" 160 160 128
"1350" 160 160 136
"1351" 160 160 144
"1352" 160 160 152
"1353" 160 160 160
"1354" 160 160 168
"1355" 160 160 184
"1356" 160 160 192
"1357" 160 160 200
"1358" 160 168 112
"1359" 160 168 120
"1360" 160 168 128
"1361" 160 168 136
"1362" 160 168 144
"1363" 160 168 152
"1364" 160 168 160
"1365" 160 168 168
"1366" 160 168 176
"1367" 160 168 184
"1368" 160 168 200
"1369" 160 168 208
"1370" 160 176 112
"1371" 160 176 120
"1372" 160 176 128
"1373" 160 176 136
"1374" 160 176 152
"1375" 160 176 160
"1376" 160 176 168
"1377" 160 176 176
"1378" 160 176 184
"1379" 160 176 192
"1380" 160 176 200
"1381" 160 176 208
"1382" 160 176 216
"1383" 160 184 128
"1384" 160 184 136
"1385" 160 184 168
"1386" 160 184 176
"1387" 160 184 184
"1388" 160 184 192
"1389" 160 184 200
"1390" 160 184 208
"1391" 160 184 216
"1392" 160 192 144
"1393" 160 192 152
"1394" 160 192 184
"1395" 160 192 192
"1396" 160 192 200
"1397" 160 192 208
"1398" 160 192 216
"1399" 160 192 224
"1400" 160 192 248
"1401" 160 200 192
"1402" 160 200 200
"1403" 160 200 208
"1404" 160 200 216
"1405" 160 200 224
"1406" 160 208 208
"1407" 168 0 216
"1408" 168 0 224
"1409" 168 88 72
"1410" 168 88 80
"1411" 168 88 88
"1412" 168 88 96
"1413" 168 88 104
"1414" 168 88 112
"1415" 168 96 72
"1416" 168 96 80
"1417" 168 96 88
"1418" 168 96 96
"1419" 168 96 104
"1420" 168 96 112
"1421" 168 104 72
"1422" 168 104 80
"1423" 168 104 88
"1424" 168 104 96
"1425" 168 104 104
"1426" 168 104 112
"1427" 168 104 120
"1428" 168 112 80
"1429" 168 112 88
"1430" 168 112 96
"1431" 168 112 104
"1432" 168 112 112
"1433" 168 112 120
"1434" 168 112 128
"1435" 168 120 88
"1436" 168 120 96
"1437" 168 120 104
"1438" 168 120 112
"1439" 168 120 120
"1440" 168 120 128
"1441" 168 120 136
"1442" 168 128 96
"1443" 168 128 104
"1444" 168 128 112
"1445" 168 128 120
"1446" 168 128 128
"1447" 168 136 112
"1448" 168 136 120
"1449" 168 136 136
"1450" 168 136 152
"1451" 168 136 184
"1452" 168 144 144
"1453" 168 144 152
"1454" 168 144 160
"1455" 168 144 168
"1456" 168 152 144
"1457" 168 152 152
"1458" 168 152 160
"1459" 168 152 168
"1460" 168 160 128
"1461" 168 160 136
"1462" 168 160 144
"1463" 168 160 152
"1464" 168 160 160
"1465" 168 160 168
"1466" 168 160 176
"1467" 168 160 192
"1468" 168 168 136
"1469" 168 168 144
"1470" 168 168 152
"1471" 168 168 160
"1472" 168 168 168
"1473" 168 168 176
"1474" 168 168 184
"1475" 168 176 120
"1476" 168 176 128
"1477" 168 176 144
"1478" 168 176 152
"1479" 168 176 160
"1480" 168 176 168
"1481" 168 176 176
"1482" 168 176 184
"1483" 168 184 120
"1484" 168 184 128
"1485" 168 184 136
"1486" 168 184 144
"1487" 168 184 160
"1488" 168 184 168
"1489" 168 184 176
"1490" 168 184 184
"1491" 168 184 192
"1492" 168 184 200
"1493" 168 184 216
"1494" 168 192 144
"1495" 168 192 152
"1496" 168 192 160
"1497" 168 192 168
"1498" 168 192 176
"1499" 168 192 184
"1500" 168 192 192
"1501" 168 192 200
"1502" 168 192 208
"1503" 168 192 216
"1504" 168 192 224
"1505" 168 200 192
"1506" 168 200 200
"1507" 168 200 208
"1508" 168 200 216
"1509" 168 200 224
"1510" 168 208 200
"1511" 168 208 208
"1512" 176 96 72
"1513" 176 96 80
"1514" 176 96 88
"1515" 176 96 96
"1516" 176 96 104
"1517" 176 104 72
"1518" 176 104 80
"1519" 176 104 88
"1520" 176 104 96
"1521" 176 104 104
"1522" 176 104 112
"1523" 176 104 120
"1524" 176 112 80
"1525" 176 112 88
"1526" 176 112 96
"1527" 176 112 104
"1528" 176 112 112
"1529" 176 112 120
"1530" 176 120 80
"1531" 176 120 88
"1532" 176 120 96
"1533" 176 120 104
"1534" 176 120 112
"1535" 176 120 120
"1536" 176 120 128
"1537" 176 128 96
"1538" 176 128 104
"1539" 176 128 112
"1540" 176 128 120
"1541" 176 128 128
"1542" 176 128 136
"1543" 176 136 112
"1544" 176 136 120
"1545" 176 136 128
"1546" 176 136 136
"1547" 176 144 104
"1548" 176 144 120
"1549" 176 144 128
"1550" 176 144 136
"1551" 176 144 144
"1552" 176 144 152
"1553" 176 144 160
"1554" 176 152 136
"1555" 176 152 144
"1556" 176 152 152
"1557" 176 152 168
"1558" 176 152 176
"1559" 176 160 128
"1560" 176 160 144
"1561" 176 160 152
"1562" 176 160 160
"1563" 176 160 168
"1564" 176 160 176
"1565" 176 160 184
"1566" 176 160 200
"1567" 176 168 136
"1568" 176 168 144
"1569" 176 168 152
"1570" 176 168 160
"1571" 176 168 168
"1572" 176 168 176
"1573" 176 168 184
"1574" 176 176 136
"1575" 176 176 144
"1576" 176 176 152
"1577" 176 176 160
"1578" 176 176 168
"1579" 176 176 176
"1580" 176 176 184
"1581" 176 176 192
"1582" 176 184 144
"1583" 176 184 152
"1584" 176 184 160
"1585" 176 184 168
"1586" 176 184 176
"1587" 176 184 184
"1588" 176 184 192
"1589" 176 184 200
"1590" 176 192 152
"1591" 176 192 160
"1592" 176 192 168
"1593" 176 192 176
"1594" 176 192 184
"1595" 176 192 192
"1596" 176 192 200
"1597" 176 192 208
"1598" 176 192 216
"1599" 176 200 168
"1600" 176 200 184
"1601" 176 200 192
"1602" 176 200 200
"1603" 176 200 208
"1604" 176 200 216
"1605" 176 200 224
"1606" 176 208 192
"1607" 176 208 200
"1608" 176 208 208
"1609" 184 96 80
"1610" 184 104 80
"1611" 184 104 88
"1612" 184 104 96
"1613" 184 104 104
"1614" 184 112 80
"1615" 184 112 88
"1616" 184 112 96
"1617" 184 112 104
"1618" 184 112 112
"1619" 184 112 120
"1620" 184 112 128
"1621" 184 120 88
"1622" 184 120 96
"1623" 184 120 104
"1624" 184 120 112
"1625" 184 120 120
"1626" 184 120 128
"1627" 184 128 104
"1628" 184 128 112
"1629" 184 128 120
"1630" 184 136 112
"1631" 184 136 120
"1632" 184 136 128
"1633" 184 144 120
"1634" 184 144 128
"1635" 184 144 144
"1636" 184 152 128
"1637" 184 152 136
"1638" 184 152 144
"1639" 184 160 128
"1640" 184 160 136
"1641" 184 160 168
"1642" 184 160 176
"1643" 184 168 136
"1644" 184 168 160
"1645" 184 168 168
"1646" 184 168 176
"1647" 184 168 184
"1648" 184 176 144
"1649" 184 176 152
"1650" 184 176 168
"1651" 184 176 176
"1652" 184 176 184
"1653" 184 176 192
"1654" 184 184 152
"1655" 184 184 160
"1656" 184 184 168
"1657" 184 184 176
"1658" 184 184 184
"1659" 184 184 192
"1660" 184 184 200
"1661" 184 192 160
"1662" 184 192 168
"1663" 184 192 176
"1664" 184 192 184
"1665" 184 192 192
"1666" 184 192 200
"1667" 184 192 208
"1668" 184 192 216
"1669" 184 200 176
"1670" 184 200 184
"1671" 184 200 192
"1672" 184 200 200
"1673" 184 200 208
"1674" 184 200 216
"1675" 184 208 176
"1676" 184 208 184
"1677" 184 208 192
"1678" 184 208 200
"1679" 184 208 208
"1680" 184 208 216
"1681" 192 112 104
"1682" 192 120 96
"1683" 192 120 104
"1684" 192 128 112
"1685" 192 136 112
"1686" 192 144 128
"1687" 192 144 136
"1688" 192 152 120
"1689" 192 152 128
"1690" 192 152 136
"1691" 192 152 144
"1692" 192 160 144
"1693" 192 160 160
"1694" 192 168 144
"1695" 192 168 152
"1696" 192 168 160
"1697" 192 168 184
"1698" 192 176 136
"1699" 192 176 144
"1700" 192 176 152
"1701" 192 176 160
"1702" 192 176 168
"1703" 192 176 176
"1704" 192 176 184
"1705" 192 176 192
"1706" 192 184 160
"1707" 192 184 168
"1708" 192 184 176
"1709" 192 184 184
"1710" 192 184 192
"1711" 192 184 200
"1712" 192 192 168
"1713" 192 192 176
"1714" 192 192 184
"1715" 192 192 192
"1716" 192 192 200
"1717" 192 192 208
"1718" 192 200 168
"1719" 192 200 176
"1720" 192 200 184
"1721" 192 200 192
"1722" 192 200 200
"1723" 192 200 208
"1724" 192 200 216
"1725" 192 208 184
"1726" 192 208 192
"1727" 192 208 200
"1728" 192 208 208
"1729" 192 208 216
"1730" 192 216 184
"1731" 192 216 192
"1732" 192 216 200
"1733" 192 216 208
"1734" 192 216 216
"1735" 200 160 136
"1736" 200 160 152
"1737" 200 168 152
"1738" 200 168 160
"1739" 200 168 168
"1740" 200 176 144
"1741" 200 176 152
"1742" 200 176 160
"1743" 200 176 168
"1744" 200 176 176
"1745" 200 176 184
"1746" 200 184 168
"1747" 200 184 176
"1748" 200 184 184
"1749" 200 184 192
"1750" 200 192 168
"1751" 200 192 176
"1752" 200 192 184
"1753" 200 192 192
"1754" 200 192 200
"1755" 200 192 208
"1756" 200 200 184
"1757" 200 200 192
"1758" 200 200 200
"1759" 200 200 208
"1760" 200 200 216
"1761" 200 208 184
"1762" 200 208 192
"1763" 200 208 200
"1764" 200 208 208
"1765" 200 208 216
"1766" 200 216 192
"1767" 200 216 200
"1768" 200 216 208
"1769" 200 216 216
"1770" 200 216 224
"1771" 200 224 200
"1772" 200 224 208
"1773" 200 224 216
"1774" 200 224 224
"1775" 208 168 160
"1776" 208 176 168
"1777" 208 176 176
"1778" 208 184 176
"1779" 208 184 184
"1780" 208 192 184
"1781" 208 192 192
"1782" 208 200 184
"1783" 208 200 192
"1784" 208 200 200
"1785" 208 200 208
"1786" 208 200 216
"1787" 208 200 224
"1788" 208 208 184
"1789" 208 208 192
"1790" 208 208 200
"1791" 208 208 208
"1792" 208 208 216
"1793" 208 208 224
"1794" 208 216 192
"1795" 208 216 200
"1796" 208 216 208
"1797" 208 216 216
"1798" 208 216 224
"1799" 208 224 200
"1800" 208 224 208
"1801" 208 224 216
"1802" 208 224 224
"1803" 208 232 208
"1804" 208 232 216
"1805" 208 232 224
"1806" 216 200 192
"1807" 216 200 200
"1808" 216 208 200
"1809" 216 208 208
"1810" 216 208 224
"1811" 216 216 200
"1812" 216 216 208
"1813" 216 216 216
"1814" 216 216 224
"1815" 216 224 200
"1816" 216 224 208
"1817" 216 224 216
"1818" 216 224 224
"1819" 216 224 232
"1820" 216 232 208
"1821" 216 232 216
"1822" 216 232 224
"1823" 216 232 232
"1824" 224 216 200
"1825" 224 216 208
"1826" 224 216 216
"1827" 224 224 216
"1828" 224 224 224
"1829" 224 232 208
"1830" 224 232 216
"1831" 224 232 224
"1832" 224 240 208
"1833" 224 240 216
"1834" 224 240 224
"1835" 232 232 224
"1836" 232 240 216
"1837" 232 240 224
